noofnodes=7
topology='uav'
node_type={'ns1':'uav','ns2':'uav','ns3':'uav','ns4':'aer','ns5':'aer','ns6':'aer','ns7':'aer'}
radio_per_node={'ns1':2,'ns2':3,'ns3':2,'ns4':1,'ns5':1,'ns6':1,'ns7':1}
channel={'ns1':[36,6],'ns2':[36,40,6],'ns3':[40,6],'ns4':[6],'ns5':[6],'ns6':[6],'ns7':[6]}
tx_power={'ns1':[23,23],'ns2':[23,23,23],'ns3':[23,23],'ns4':[23],'ns5':[23],'ns6':[23],'ns7':[23]}
position={'ns1':[480,450,137],'ns2':[490,500,146],'ns3':[510,540,136],'ns4':[478,448,114],'ns5':[ 482,452,114],'ns6':[492,502,100],'ns7':[515,556,100]}
links={'ns1':['ns2'],'ns2':['ns1','ns3'],'ns3':['ns2'],'ns4':['ns1'],'ns5':['ns1'],'ns6':['ns2'],'ns7':['ns3']}
tx_power1=[[0,23,23,23,23,23,23],[23,0,23,23,23,23,23],[23,23,0,23,23,23,23],[23,23,23,0,23,23,23],[23,23,23,23,0,23,23],[23,23,23,23,23,23,23],[23,23,23,23,23,23,23]]
channel1=[[0,36,0,6,6,6,6],[36,0,40,6,6,6,6],[0,40,0,6,6,6,6],[6,0,0,0,0,0,0],[6,0,0,0,0,0,0],[0,6,0,0,0,0,0],[0,0,6,0,0,0,0]]
propagation_model='custom_model'